 50
CGT1005                                                                                   0 1938 458 1814 1874 1430 2040 1976 561 1998 1500 779 2018 1909 467 1037 2041 1295 513 763 1314 1849 1970 1264 1982 1975 2003 1282 2035 1430 1945 2031 1926 1072 1915 1532 1890 555 1295 2024 954 699 1130 1814 1522 1475 1190 1307 1961 1432 
CGT1029                                                                                   1938 0 2085 467 223 2220 380 144 2207 139 928 2024 860 83 2133 1697 418 2163 2210 2011 2058 218 315 2000 121 370 362 1883 409 1268 120 388 95 1875 86 1151 100 2035 2116 409 1354 2390 1946 383 1521 2231 1816 1259 364 2238 
CGT1061                                                                                   458 2085 0 2022 2052 1603 2159 2133 607 2153 1694 947 2172 2092 160 1255 2172 1472 638 973 1489 2029 2081 1413 2107 2150 2144 1519 2164 1614 2112 2176 2086 1219 2093 1731 2113 685 1492 2165 1101 551 1330 1960 1686 1616 1372 1463 2147 1577 
CGT1089                                                                                   1814 467 2022 0 621 2102 791 504 2117 529 782 1913 767 431 2011 1587 784 2058 2096 1891 1960 577 701 1889 544 743 759 1764 773 1151 481 751 488 1755 444 1053 468 1959 1988 769 1255 2266 1828 552 1415 2124 1706 1188 717 2139 
CGT1111                                                                                   1874 223 2052 621 0 2142 312 311 2121 324 821 1920 759 221 2053 1827 333 2041 2103 1883 2056 124 256 2014 292 251 262 2008 329 1137 276 319 234 1790 228 1319 191 1974 2003 312 1339 2265 1825 313 1392 2177 1997 1202 252 2154 
CGT1112                                                                                   1430 2220 1603 2102 2142 0 1982 2238 1389 2257 1484 1195 1988 2191 1599 1351 1991 1336 1396 1211 419 2115 2079 1029 2248 1965 1988 1165 1959 1429 2188 1946 2217 556 2197 1795 2221 1219 389 1970 1163 1576 1138 2083 1509 1235 1487 1555 1938 1395 
CGT1113                                                                                   2040 380 2159 791 312 1982 0 349 1937 352 747 1812 669 399 2197 1971 114 1967 2033 1825 2068 304 250 1973 353 180 147 2216 113 1071 345 108 418 1564 409 1334 419 1715 1940 111 1335 2212 1751 492 1304 2220 2024 1300 163 1944 
CGT1121                                                                                   1976 144 2133 504 311 2238 349 0 2199 43 963 2073 946 109 2158 1704 382 2224 2257 2062 2006 267 339 1898 76 429 431 1921 379 1324 74 353 188 1834 124 1048 135 2016 2159 400 1285 2426 1976 481 1589 2196 1715 1294 410 2227 
CGT1135                                                                                   561 2207 607 2117 2121 1389 1937 2199 0 2218 1517 767 2002 2203 627 1356 1927 1287 290 799 1489 2122 2043 1403 2191 1972 1995 1619 1908 1434 2170 1898 2219 969 2216 1767 2240 436 1316 1939 1103 637 1124 2065 1534 1629 1417 1512 1971 1349 
CGT1144                                                                                   1998 139 2153 529 324 2257 352 43 2218 0 990 2090 950 138 2177 1719 395 2231 2278 2071 2016 290 345 1919 66 435 428 1935 391 1347 95 375 179 1859 141 1062 154 2030 2168 401 1276 2451 2001 482 1596 2206 1735 1312 426 2246 
CGT1150                                                                                   1500 928 1694 782 821 1484 747 963 1517 990 0 1269 681 898 1670 1437 733 1400 1441 1243 1658 793 813 1563 983 620 689 1663 704 475 935 681 921 1154 896 917 875 1347 1347 717 911 1614 1191 739 753 1784 1596 835 606 1537 
CGT1176                                                                                   779 2024 947 1913 1920 1195 1812 2073 767 2090 1269 0 1764 2004 960 1132 1827 1066 777 328 1349 1916 1883 1272 2076 1757 1771 1397 1781 1189 2037 1788 2007 830 2005 1613 2024 563 1085 1796 962 937 900 1855 1268 1475 1282 1333 1756 1195 
CGT1225                                                                                   2018 860 2172 767 759 1988 669 946 2002 950 681 1764 0 866 2169 1954 680 1909 1989 1754 2145 757 752 2080 929 595 594 2176 664 1026 897 652 874 1656 861 1441 864 1831 1873 648 1438 2137 1691 696 1242 2263 2130 1327 606 2027 
CGT1239                                                                                   1909 83 2092 431 221 2191 399 109 2203 138 898 2004 866 0 2091 1676 393 2154 2182 1991 2035 172 318 1984 151 357 349 1863 375 1246 74 371 90 1841 44 1131 69 2050 2092 377 1342 2352 1915 387 1513 2196 1792 1283 337 2218 
CGT1261                                                                                   467 2133 160 2011 2053 1599 2197 2158 627 2177 1670 960 2169 2091 0 1269 2177 1463 608 943 1523 1995 2140 1429 2178 2124 2135 1495 2174 1596 2141 2169 2136 1221 2096 1748 2096 724 1446 2167 1118 527 1293 1991 1677 1636 1397 1492 2125 1587 
CGT1288                                                                                   1037 1697 1255 1587 1827 1351 1971 1704 1356 1719 1437 1132 1954 1676 1269 0 1987 701 1324 1132 1189 1795 1873 1139 1711 1922 1930 1035 1956 1384 1692 1951 1713 993 1668 1280 1685 1186 1240 1970 836 1500 897 1746 1468 1362 353 1252 1914 804 
CGT1376                                                                                   2041 418 2172 784 333 1991 114 382 1927 395 733 1827 680 393 2177 1987 0 1959 2038 1831 2087 301 261 2011 393 172 172 2217 131 1072 363 98 419 1581 406 1366 420 1768 1927 99 1352 2197 1741 493 1316 2205 2044 1332 175 1958 
CGT1393                                                                                   1295 2163 1472 2058 2041 1336 1967 2224 1287 2231 1400 1066 1909 2154 1463 701 1959 0 1266 1091 1473 2040 2006 1417 2209 1892 1922 1522 1934 1322 2190 1937 2135 977 2140 1784 2150 1145 1205 1945 1119 1445 877 1958 1403 1612 611 1477 1886 542 
CGT1426                                                                                   513 2210 638 2096 2103 1396 2033 2257 290 2278 1441 777 1989 2182 608 1324 2038 1266 0 725 1564 2070 2108 1475 2273 1923 1974 1564 2008 1384 2220 1985 2204 1053 2180 1819 2167 549 1251 2025 1179 567 1111 2041 1488 1679 1476 1568 1898 1418 
CGT1510                                                                                   763 2011 973 1891 1883 1211 1825 2062 799 2071 1243 328 1754 1991 943 1132 1831 1091 725 0 1345 1868 1886 1261 2079 1701 1760 1362 1800 1162 2037 1801 2009 845 1991 1581 1967 614 1019 1795 968 901 870 1824 1253 1480 1291 1343 1708 1214 
CGT1512                                                                                   1314 2058 1489 1960 2056 419 2068 2006 1489 2016 1658 1349 2145 2035 1523 1189 2087 1473 1564 1345 0 2013 2051 865 2006 2128 2113 1014 2063 1574 1998 2062 2070 650 2063 1563 2058 1309 513 2097 972 1725 1270 1978 1662 1076 1239 1422 2114 1507 
CGT1521                                                                                   1849 218 2029 577 124 2115 304 267 2122 290 793 1916 757 172 1995 1795 301 2040 2070 1868 2013 0 261 1942 301 228 251 1985 286 1122 226 297 233 1756 188 1276 166 1961 1965 287 1306 2230 1803 324 1386 2136 1949 1205 228 2127 
CGT1540                                                                                   1970 315 2081 701 256 2079 250 339 2043 345 813 1883 752 318 2140 1873 261 2006 2108 1886 2051 261 0 1993 300 277 272 2138 224 1149 312 244 281 1702 329 1328 359 1876 2016 250 1355 2281 1825 384 1387 2184 2016 1260 272 2084 
CGT1579                                                                                   1264 2000 1413 1889 2014 1029 1973 1898 1403 1919 1563 1272 2080 1984 1429 1139 2011 1417 1475 1261 865 1942 1993 0 1960 2046 2051 602 2005 1506 1941 1978 2047 581 1993 1459 2013 1219 910 2018 915 1640 1177 1939 1600 722 1155 1357 2040 1426 
CGT1624                                                                                   1982 121 2107 544 292 2248 353 76 2191 66 983 2076 929 151 2178 1711 393 2209 2273 2079 2006 301 300 1960 0 430 412 1944 400 1332 103 368 142 1861 159 1089 163 2016 2168 404 1294 2446 2003 438 1583 2201 1753 1291 425 2246 
CGT1627                                                                                   1975 370 2150 743 251 1965 180 429 1972 435 620 1757 595 357 2124 1922 172 1892 1923 1701 2128 228 277 2046 430 0 119 2131 148 977 395 155 383 1641 353 1409 318 1819 1810 156 1403 2075 1666 412 1241 2234 2092 1321 67 2000 
CGT1632                                                                                   2003 362 2144 759 262 1988 147 431 1995 428 689 1771 594 349 2135 1930 172 1922 1974 1760 2113 251 272 2051 412 119 0 2162 168 1012 388 168 367 1640 355 1395 353 1824 1861 172 1398 2128 1679 428 1247 2237 2076 1313 120 2008 
CGT1681                                                                                   1282 1883 1519 1764 2008 1165 2216 1921 1619 1935 1663 1397 2176 1863 1495 1035 2217 1522 1564 1362 1014 1985 2138 602 1944 2131 2162 0 2206 1600 1912 2180 1916 800 1856 1502 1861 1460 1018 2193 1092 1752 1299 1955 1703 522 1178 1479 2119 1627 
CGT1687                                                                                   2035 409 2164 773 329 1959 113 379 1908 391 704 1781 664 375 2174 1956 131 1934 2008 1800 2063 286 224 2005 400 148 168 2206 0 1036 346 104 404 1556 387 1380 413 1736 1905 115 1348 2162 1730 479 1305 2214 2043 1315 146 1947 
CGT1700                                                                                   1430 1268 1614 1151 1137 1429 1071 1324 1434 1347 475 1189 1026 1246 1596 1384 1072 1322 1384 1162 1574 1122 1149 1506 1332 977 1012 1600 1036 0 1284 1046 1256 1070 1246 535 1222 1263 1290 1055 829 1555 1124 1071 664 1698 1536 727 961 1441 
CGT1714                                                                                   1945 120 2112 481 276 2188 345 74 2170 95 935 2037 897 74 2141 1692 363 2190 2220 2037 1998 226 312 1941 103 395 388 1912 346 1284 0 333 139 1804 88 1082 114 2006 2135 362 1288 2394 1946 425 1531 2177 1749 1290 375 2189 
CGT1729                                                                                   2031 388 2176 751 319 1946 108 353 1898 375 681 1788 652 371 2169 1951 98 1937 1985 1801 2062 297 244 1978 368 155 168 2180 104 1046 333 0 409 1563 382 1336 396 1742 1889 123 1334 2164 1713 499 1300 2202 2020 1313 132 1949 
CGT1743                                                                                   1926 95 2086 488 234 2217 418 188 2219 179 921 2007 874 90 2136 1713 419 2135 2204 2009 2070 233 281 2047 142 383 367 1916 404 1256 139 409 0 1882 93 1195 128 2063 2117 407 1361 2374 1946 357 1507 2223 1842 1303 370 2255 
CGT1746                                                                                   1072 1875 1219 1755 1790 556 1564 1834 969 1859 1154 830 1656 1841 1221 993 1581 977 1053 845 650 1756 1702 581 1861 1641 1640 800 1556 1070 1804 1563 1882 0 1848 1387 1877 774 491 1576 733 1230 768 1728 1145 823 1048 1175 1618 964 
CGT1756                                                                                   1915 86 2093 444 228 2197 409 124 2216 141 896 2005 861 44 2096 1668 406 2140 2180 1991 2063 188 329 1993 159 353 355 1856 387 1246 88 382 93 1848 0 1152 72 2053 2089 389 1347 2348 1908 381 1502 2216 1797 1285 341 2225 
CGT1771                                                                                   1532 1151 1731 1053 1319 1795 1334 1048 1767 1062 917 1613 1441 1131 1748 1280 1366 1784 1819 1581 1563 1276 1328 1459 1089 1409 1395 1502 1380 535 1082 1336 1195 1387 1152 0 1150 1575 1705 1389 817 1992 1522 1255 1102 1769 1285 827 1395 1768 
CGT1782                                                                                   1890 100 2113 468 191 2221 419 135 2240 154 875 2024 864 69 2096 1685 420 2150 2167 1967 2058 166 359 2013 163 318 353 1861 413 1222 114 396 128 1877 72 1150 0 2080 2066 406 1360 2335 1902 384 1502 2219 1822 1294 316 2249 
CGT1784                                                                                   555 2035 685 1959 1974 1219 1715 2016 436 2030 1347 563 1831 2050 724 1186 1768 1145 549 614 1309 1961 1876 1219 2016 1819 1824 1460 1736 1263 2006 1742 2063 774 2053 1575 2080 0 1166 1768 905 727 977 1911 1350 1468 1230 1339 1810 1143 
CGT1805                                                                                   1295 2116 1492 1988 2003 389 1940 2159 1316 2168 1347 1085 1873 2092 1446 1240 1927 1205 1251 1019 513 1965 2016 910 2168 1810 1861 1018 1905 1290 2135 1889 2117 491 2089 1705 2066 1166 0 1922 1077 1403 1000 1933 1378 1143 1401 1458 1819 1337 
CGT1832                                                                                   2024 409 2165 769 312 1970 111 400 1939 401 717 1796 648 377 2167 1970 99 1945 2025 1795 2097 287 250 2018 404 156 172 2193 115 1055 362 123 407 1576 389 1389 406 1768 1922 0 1370 2186 1704 477 1304 2214 2064 1327 135 1963 
CGT1852                                                                                   954 1354 1101 1255 1339 1163 1335 1285 1103 1276 911 962 1438 1342 1118 836 1352 1119 1179 968 972 1306 1355 915 1294 1403 1398 1092 1348 829 1288 1334 1361 733 1347 817 1360 905 1077 1370 0 1357 887 1273 932 1159 856 685 1389 1122 
CGT1863                                                                                   699 2390 551 2266 2265 1576 2212 2426 637 2451 1614 937 2137 2352 527 1500 2197 1445 567 901 1725 2230 2281 1640 2446 2075 2128 1752 2162 1555 2394 2164 2374 1230 2348 1992 2335 727 1403 2186 1357 0 1281 2194 1638 1844 1638 1732 2081 1565 
CGT1877                                                                                   1130 1946 1330 1828 1825 1138 1751 1976 1124 2001 1191 900 1691 1915 1293 897 1741 877 1111 870 1270 1803 1825 1177 2003 1666 1679 1299 1730 1124 1946 1713 1946 768 1908 1522 1902 977 1000 1704 887 1281 0 1762 1207 1397 1042 1278 1675 987 
CGT1921                                                                                   1814 383 1960 552 313 2083 492 481 2065 482 739 1855 696 387 1991 1746 493 1958 2041 1824 1978 324 384 1939 438 412 428 1955 479 1071 425 499 357 1728 381 1255 384 1911 1933 477 1273 2194 1762 0 1320 2120 1917 1168 422 2100 
CGT1938                                                                                   1522 1521 1686 1415 1392 1509 1304 1589 1534 1596 753 1268 1242 1513 1677 1468 1316 1403 1488 1253 1662 1386 1387 1600 1583 1241 1247 1703 1305 664 1531 1300 1507 1145 1502 1102 1502 1350 1378 1304 932 1638 1207 1320 0 1778 1631 579 1240 1536 
CGT1939                                                                                   1475 2231 1616 2124 2177 1235 2220 2196 1629 2206 1784 1475 2263 2196 1636 1362 2205 1612 1679 1480 1076 2136 2184 722 2201 2234 2237 522 2214 1698 2177 2202 2223 823 2216 1769 2219 1468 1143 2214 1159 1844 1397 2120 1778 0 1445 1582 2231 1640 
CGT1965                                                                                   1190 1816 1372 1706 1997 1487 2024 1715 1417 1735 1596 1282 2130 1792 1397 353 2044 611 1476 1291 1239 1949 2016 1155 1753 2092 2076 1178 2043 1536 1749 2020 1842 1048 1797 1285 1822 1230 1401 2064 856 1638 1042 1917 1631 1445 0 1368 2072 602 
CGT1982                                                                                   1307 1259 1463 1188 1202 1555 1300 1294 1512 1312 835 1333 1327 1283 1492 1252 1332 1477 1568 1343 1422 1205 1260 1357 1291 1321 1313 1479 1315 727 1290 1313 1303 1175 1285 827 1294 1339 1458 1327 685 1732 1278 1168 579 1582 1368 0 1312 1547 
CGT1987                                                                                   1961 364 2147 717 252 1938 163 410 1971 426 606 1756 606 337 2125 1914 175 1886 1898 1708 2114 228 272 2040 425 67 120 2119 146 961 375 132 370 1618 341 1395 316 1810 1819 135 1389 2081 1675 422 1240 2231 2072 1312 0 1985 
CGT1989                                                                                   1432 2238 1577 2139 2154 1395 1944 2227 1349 2246 1537 1195 2027 2218 1587 804 1958 542 1418 1214 1507 2127 2084 1426 2246 2000 2008 1627 1947 1441 2189 1949 2255 964 2225 1768 2249 1143 1337 1963 1122 1565 987 2100 1536 1640 602 1547 1985 0 
